1.614340339497019971e-05
2.888618152298026431e-01
1.000000000000000000e+00
1.175314807551226168e-10
1.953135274965212106e-15
1.513817560056030243e-01
5.301096670962268966e-08
4.067009316946583186e-01
9.999908476648652345e-01
5.727019107506396681e-14
9.999866922063286312e-01
9.580604958764834008e-10
1.030025796429964281e-09
9.999319988876933518e-01
2.235683780117619491e-06
1.262717330354645265e-19
9.999767396918481932e-01
9.998426518635697979e-01
6.553258929790424741e-13
5.254091181990847410e-16
2.885028847212077387e-03
1.502005193394168867e-07
9.990906240075529965e-01
1.000000000000000000e+00
1.112532486755284639e-15
1.169334600458720931e-13
5.919301151956427587e-01
9.999999999999995559e-01
1.861409738334524276e-10
9.500010726831648045e-01
9.999999999999997780e-01
8.722064710148376143e-01
9.999974563045535003e-01
9.999999919125973635e-01
9.999999681700807441e-01
9.999999999998381295e-01
9.999983796919351686e-01
1.155186366262071668e-13
1.973384493908642576e-07
8.637259496885433263e-01
1.000000000000000000e+00
8.469374202867171251e-17
9.999999999796949091e-01
9.998717500205280828e-01
9.999999999999860112e-01
9.998754040961479461e-01
3.213130194783361734e-06
1.725498067801062219e-10
1.239191429187978796e-12
2.372561122228660943e-07
9.999999999998172573e-01
2.118434835455763887e-01
2.824026974300374338e-12
9.986815286488305299e-01
9.989893457619554162e-01
1.000000000000000000e+00
9.999999993140988863e-01
9.994977897331486227e-01
1.520497132579860454e-07
9.999999999909685577e-01
9.999999996084887322e-01
9.911682544260649319e-01
1.000000000000000000e+00
9.999991755522470438e-01
1.020095317876804943e-02
4.516530980758416041e-04
1.017804626871777890e-01
1.438325646641278044e-02
9.999999999999473754e-01
9.997133588377041802e-01
9.999999999998225864e-01
9.993175236539081352e-01
3.226967240539616476e-12
9.997779690932517838e-01
6.545291211350549431e-04
9.765260281830601027e-17
9.999999996024577786e-01
2.941402692060495085e-17
1.048929901492052646e-01
9.998805933650104505e-01
9.999999998518653843e-01
9.999999999999502620e-01
7.484652476592202014e-18
1.140093070206616531e-05
7.688549707451055637e-08
1.713655019719201650e-11
9.999999999997930544e-01
6.603822014841788102e-01
9.999999999999953371e-01
9.999999999998667732e-01
9.723470676521381861e-01
9.996968220901759627e-01
9.999920526081512717e-01
8.582814107798060343e-14
9.997018231054729531e-01
9.999999999982396304e-01
5.814425324765558877e-20
8.159503134783691047e-01
9.999999990303247710e-01
1.381799950899516814e-02
