9.708972302702383733e-03
9.997590679457492024e-01
1.897606029219206861e-02
3.582240824181881650e-09
9.969285201138315955e-01
8.954955386372228654e-01
5.641750731020320903e-02
9.998624767996872054e-01
2.375704690747535708e-01
2.158574068954796296e-02
9.999942313247436321e-01
5.414214531752360986e-04
9.179321747728253281e-03
8.303655591065838481e-04
2.231900719213250062e-01
9.221015212065725164e-03
8.978017135037996818e-05
2.096467508482169340e-01
9.999999741655112295e-01
9.951781876470342514e-01
1.276613770053540691e-04
1.331024794701908759e-03
1.550765535495655587e-02
5.533026205399801549e-07
7.270448193864950670e-02
8.062400870103842224e-03
8.296780819759611014e-03
6.642136768554629533e-01
6.227189829834248381e-06
7.873348532621399741e-05
9.987185051871038111e-01
7.572231962072986100e-01
5.486922357777171966e-01
7.404515862935920345e-02
2.656790684976791494e-05
9.999994842155501829e-01
9.992186353382387365e-01
9.999979396033413792e-01
6.859770613985456099e-07
4.607587992427433776e-01
9.999990964677961669e-01
4.791302871204568064e-05
9.999887786852146299e-01
9.998251389989235571e-01
8.332787498232311352e-01
4.045448593849693131e-02
5.230844108907966097e-03
9.626358347310352004e-01
1.074998046151783015e-01
9.919851291271629679e-01
9.999935163425445195e-01
7.165976690900512924e-01
1.822216760402631253e-01
2.664010042924435172e-07
2.721017944994233093e-02
9.999999054492753059e-01
8.803485211789866538e-01
9.999999640428216541e-01
4.271176365910305374e-05
9.985307943618033644e-01
1.122354936448878599e-06
4.190254097798284255e-02
1.017549636829915351e-04
3.316678901065787666e-01
9.892122295247658403e-01
2.024134497855009196e-04
3.308768908134004927e-01
1.680684655120863111e-02
6.728324298670171899e-01
9.987417564664945457e-01
9.976968930111783651e-01
3.612770600790319309e-01
2.866109530777057884e-05
1.489622844620944382e-04
8.187653856727859780e-02
9.999999190508336300e-01
9.999999861212400809e-01
9.998884496726228033e-01
9.999994832512645315e-01
3.163933692415560328e-01
3.680427870086353526e-01
4.211961489554234134e-03
1.004065372496774217e-01
6.766174326689526897e-01
3.904414734045897240e-04
9.999876668100800003e-01
9.938860668789681885e-01
1.180542102082799598e-03
1.164580824767898481e-01
9.998387177055482189e-01
9.977213739203507625e-01
1.730415756895534174e-01
4.826588179316685379e-01
9.144453377292920404e-01
9.999827500818463388e-01
9.999822483801997786e-01
7.415025569794273181e-04
9.922484385769547721e-01
9.999999651408079115e-01
1.739102545732417448e-07
