4.133042508849496532e-01
5.316920810638060546e-01
9.312393029170250580e-01
2.637053894167993850e-01
1.312629411827962167e-01
5.359969109286149003e-01
3.491702442717871668e-01
4.875016072585353633e-01
7.252516980107543976e-01
1.661445824897797852e-01
7.074793451722483084e-01
2.507783134882272114e-01
2.631546039958168604e-01
7.048666699506305200e-01
3.807324683085403505e-01
8.519125491984444465e-02
6.593238360735035331e-01
6.743291549985320765e-01
1.885827053213955939e-01
1.207107153381774683e-01
4.360356011799542131e-01
3.148951483811371355e-01
6.253079872095449465e-01
9.497877404373260557e-01
1.407311141453422842e-01
1.626222510436568791e-01
4.969423529028866859e-01
9.118759654060121234e-01
2.685658236461705983e-01
5.425245091537448383e-01
9.106908934825641566e-01
6.223681831986974666e-01
6.893399822548204048e-01
7.684376310210472294e-01
7.874368506751925345e-01
8.872565544949677641e-01
7.238861374159243356e-01
1.549763524144336935e-01
2.957041222966085847e-01
6.313984367377556417e-01
9.217332784414420388e-01
1.208129369546246390e-01
8.589797869450819245e-01
7.215101114348341227e-01
9.035751016482815867e-01
6.890001190779603268e-01
4.072670668312962095e-01
2.470289022901552833e-01
1.932699143818346066e-01
3.250861875232199383e-01
8.815335257550642734e-01
5.390419970868740585e-01
1.851433113265827934e-01
6.608376140544421906e-01
6.854926455390082385e-01
9.263704265370992230e-01
8.331116160527819448e-01
6.252234336436577333e-01
3.240791270001564528e-01
8.671233678808271117e-01
8.273843504351305889e-01
6.529287122124851628e-01
9.276578670392542358e-01
7.685449267029187403e-01
4.804564574444074032e-01
3.965050312783562902e-01
5.019052618026137447e-01
4.647831323704659789e-01
8.815121432002771540e-01
6.941587637216513063e-01
8.844003813134425629e-01
6.648321641866261622e-01
1.966934155832200937e-01
6.729612860325300261e-01
3.958028594903860165e-01
1.223088976957229096e-01
8.338810901006430409e-01
1.158627576035692747e-01
4.688451041835034472e-01
6.714824876298913781e-01
8.239808727797824917e-01
8.859366606378877851e-01
1.027259662704024107e-01
3.391810178403270037e-01
3.214775465892496520e-01
2.219583143308165862e-01
8.819149609182481697e-01
5.452696755934149930e-01
8.932463879634123805e-01
8.850602561666426338e-01
6.027129741381670458e-01
6.854615667386558808e-01
6.812994199218203040e-01
1.726489671182212249e-01
7.057617358224809179e-01
8.671832221916911942e-01
7.679676734921400683e-02
5.199378299858399277e-01
8.207789544688444128e-01
5.369321641631916719e-01
