2.984270758604817830e-01
7.408501151916030425e-01
3.083839804996464373e-01
4.331450256261817205e-02
6.512321296462690867e-01
5.442010557853520503e-01
3.450445738552047059e-01
7.543219554700686391e-01
3.795316428774731521e-01
3.302855888325172407e-01
8.235155562259145468e-01
2.085050091007831508e-01
2.790190290183316990e-01
2.159493496092329545e-01
3.840179586846918514e-01
2.812198269996060151e-01
1.740018086953840359e-01
3.751886310216745457e-01
9.133142656844981389e-01
6.469918230932063530e-01
1.757156200442204219e-01
2.395122331544994598e-01
3.146974220250368104e-01
8.951189105750233244e-02
3.617398849636122016e-01
2.754558000264957784e-01
2.930507763107975117e-01
4.634529576393167649e-01
1.243627416294335736e-01
1.727072418843623725e-01
6.830474165689270905e-01
4.775379415852651355e-01
4.707136172066998525e-01
3.590785295880341010e-01
1.457675518550467508e-01
8.747620732710862379e-01
7.005990049741148695e-01
8.450776214136086484e-01
8.950861767158821425e-02
4.501819084383241187e-01
8.648659692239101249e-01
1.508424633876854493e-01
8.148364326468420238e-01
7.496935530797782521e-01
5.120364667851410312e-01
3.240094129425285518e-01
2.844933609155892440e-01
5.602606427339960060e-01
3.555503820794960745e-01
6.113328588352615611e-01
8.240728511438936144e-01
4.667817183561659977e-01
3.883958446363576789e-01
7.944732895336603651e-02
3.279751349057604681e-01
8.982146568809951104e-01
5.192850519965265255e-01
9.094302712099587849e-01
1.491417090249321231e-01
6.688523411474249780e-01
9.357840961492777665e-02
3.237360198791710553e-01
1.773503373316096532e-01
4.131197916655248714e-01
6.210015029065049097e-01
1.838165349522694059e-01
4.360807093916607702e-01
2.937297852258000108e-01
4.558748535178889782e-01
6.911825182623344555e-01
6.640929904437397058e-01
4.376368062742497234e-01
1.432779437751734164e-01
1.863374065817094138e-01
3.507719011783537177e-01
9.017298110697886671e-01
9.217766331021951531e-01
7.558347256419162274e-01
8.757537216390026691e-01
4.034442862563553667e-01
4.344119895113198737e-01
2.502922869469863532e-01
3.832717445009076185e-01
4.900589853614387703e-01
1.967698943319459715e-01
8.146535340893621413e-01
6.224973332932985937e-01
2.204179343467364272e-01
3.638329521252867682e-01
7.497755183316272554e-01
6.620069331699537374e-01
3.662701442550350128e-01
4.215734685336036125e-01
5.144726772241162704e-01
8.026596916902022372e-01
8.029080475112365667e-01
2.165938627496062363e-01
6.084074539829027461e-01
9.110694049024344876e-01
7.522758062808604373e-02
