2.869624522611475825e-01
6.929127553368977788e-01
1.807910495107203364e-01
3.529265026133630162e-02
1.054068301091439230e-01
3.648943564903571468e-02
4.363391626257265114e-03
1.969946156864662429e-02
8.906874584384411042e-03
3.406372055555187961e-01
6.051303104303236424e-02
1.105614168536996067e-02
1.716355755135803296e-01
8.943196205451919845e-01
2.246635697218190078e-02
5.281809214904927344e-03
2.562948766571970793e-01
1.475926565085849550e-04
2.270377058503840733e-03
4.486713828748032373e-01
2.816517396485223047e-05
1.785029405586786577e-01
7.872338692884013828e-04
8.963041694329949155e-03
4.547999846531211718e-04
1.783555173186413267e-01
1.042140823578289544e-03
4.311475788476654830e-02
2.422742357376804836e-02
5.011666552946019149e-01
2.097259445983513763e-03
5.939415453102610959e-03
3.422480626518232816e-01
1.016584049979138080e-04
7.870382920472343731e-04
5.234171574663579662e-04
2.975168967912325893e-02
2.580635921249471165e-01
1.995065758409786047e-02
1.168830669015270274e-01
2.091072976897694752e-02
3.223337292941831547e-04
5.917901784272729809e-03
5.053346984541889214e-02
2.957801126460192498e-03
3.308840852713040761e-03
5.011849400384210673e-01
8.726218371311430383e-03
1.148212199054720641e-03
2.933904522081615118e-01
9.111394074700486234e-01
3.799359054449637924e-02
3.577456354825896221e-03
7.369385389216616122e-01
4.486321985994510264e-01
2.364854515476735950e-03
2.464714584202335260e-02
1.418949739480976011e-02
6.188262351689122849e-04
1.479878169084092136e-02
1.060843912917393760e-04
3.269768688808861231e-03
1.501494768740686998e-02
1.903005611768367744e-01
2.678407894529611570e-04
7.538005515370012066e-01
5.890240174391596579e-04
1.233470522640961941e-03
3.222984239293627540e-02
5.237896214852912936e-03
4.825857053823415579e-03
5.685230933373161544e-02
1.717539924144440575e-03
2.098817667015855370e-01
4.544019257798863065e-01
3.437734411581096260e-04
1.375237803445769624e-03
5.425379055908731776e-04
6.087455618652468960e-03
1.839196756427966539e-01
9.661235126949494489e-01
1.269951394272067213e-01
3.219352642993641598e-04
1.714143116464749523e-03
1.651352684649715367e-04
8.799812368687522091e-03
7.281147079244455755e-02
4.165111511567761121e-04
4.275225572248625774e-03
2.255124850261999107e-03
3.068264318985148842e-01
3.550253227010841117e-01
1.181372029695315195e-03
2.731013272565728685e-03
9.777061769261852220e-01
7.399335547448666617e-01
2.348250752131759132e-04
1.738968187276617242e-02
1.405485717889460055e-03
1.460124735231253801e-01
3.461573906372336033e-03
8.756474926167899520e-02
3.131384256786662323e-01
1.600399205526890564e-02
1.801001251310699325e-02
2.406866511882941109e-03
3.843849680085228461e-03
7.481057181421552202e-04
3.489223070825289014e-02
8.774018556195655252e-03
1.279679748013302087e-01
1.428437133480855450e-04
1.672859951098666902e-03
7.320848510066321237e-03
3.421778342576011796e-05
3.688149064231284729e-03
2.343758736151900501e-01
6.685488213878299582e-06
1.783122223061246042e-02
6.394519308110557798e-01
9.861566883945784782e-05
2.260031807891295548e-03
3.734387859646766568e-03
1.799570589328475523e-01
1.428983257787361794e-01
1.497351148211391592e-01
5.711973068808931520e-02
3.519969915058366317e-01
1.997421965308619155e-03
2.319795945943162185e-02
2.456539034751347838e-03
7.900473328056106456e-03
6.720926228355710297e-01
1.693716243116204917e-02
1.159288744125207098e-02
7.181729025447655679e-02
5.426002524713688597e-04
3.749365742061411960e-02
5.603407118687550565e-05
6.925168600394695541e-04
6.258892220100877469e-04
7.143619188246164153e-02
4.270186465663920738e-02
4.499642318196992938e-03
3.689965910873622317e-04
1.975034464708791437e-04
4.768079901781577083e-03
3.935023193779594967e-03
8.808293581222352824e-04
2.743332043034264409e-02
6.736693673867796828e-02
4.079205273873590961e-05
3.571366746753772397e-03
8.445032856923373021e-05
8.178937004348241224e-01
1.616578989165987357e-01
5.788701157905000970e-03
1.104359615625711394e-05
5.109976161388186250e-03
1.605530617472288339e-03
5.189585994333045793e-01
1.676962409410492861e-03
7.456084815459392532e-05
3.054505430449623235e-02
2.462765016298060564e-03
9.207118546415318239e-01
4.476290181270300809e-03
5.156313431070196074e-03
1.439444367647489604e-05
7.130958489051351240e-03
9.528864494208351063e-03
1.903861998948022660e-02
5.669166860064911440e-01
4.277546519043980665e-03
5.070193449878047653e-01
2.960632207807632477e-01
6.113124225457118310e-01
5.851620984333960607e-02
1.177874435653801233e-01
8.558482393966455881e-03
1.470906422012844758e-02
7.745828806985048665e-02
6.122267268577264582e-02
6.120342317961496512e-03
7.542720195000240935e-01
1.990209351815625839e-03
4.972608293726451254e-04
1.324746802330125928e-01
3.562752514211022046e-03
3.710952602013515862e-03
1.387272477594576187e-04
2.180855632813808245e-02
5.155782443768486614e-03
5.888396813470224943e-04
1.582355445219369161e-01
2.340850502136630133e-04
1.016500946740199517e-03
3.046308394753650672e-01
6.550114530221388121e-01
1.617765761337452979e-01
6.647546980419646867e-02
3.297286823464635336e-02
1.307989379703379529e-02
3.885290775775545463e-02
1.616091267632751086e-02
4.446524950665157738e-01
2.563068752358874658e-01
1.344521439148963493e-01
2.572867531829735668e-02
2.134681824984972082e-02
2.671142592296292355e-03
3.029559089679863105e-05
4.106522215449151525e-02
1.080288551786152268e-01
1.443646542493465523e-01
2.333991751581677640e-02
6.835179020146796292e-02
4.004111996417101041e-03
3.870371758292038156e-03
5.563589860990255653e-01
1.050916279369940899e-02
5.969447827051963494e-03
2.875022435049420441e-02
7.070896911843140399e-04
3.515333223091727244e-01
4.062467542018600164e-01
3.296080884327474148e-01
1.470312486381983828e-02
3.660405375065710516e-03
6.492664549535100138e-03
2.149306917006595652e-01
7.607979649939781985e-02
6.686150115137956540e-03
4.876743887931433291e-02
1.780344536575044490e-01
1.406947124703807929e-02
1.961410889980753566e-02
1.791243676158174314e-01
4.096588624841118048e-02
1.901440874974575496e-04
3.759258694998608707e-02
3.759524221500857438e-02
8.762454739133137757e-03
1.608703292812908164e-02
8.464827652364503852e-02
9.886455782723126973e-01
2.872693585815039863e-01
2.481818714793830039e-01
5.082345566815866383e-02
8.187249666357922229e-02
6.235484049267615153e-02
6.370361140211462381e-01
6.287921289013024802e-04
4.493379027050373588e-04
7.784571205605816772e-03
7.122819212524486576e-02
1.167677994069313135e-01
1.331233277433132613e-02
1.751837603420897463e-03
9.745119510590179447e-06
1.159816763083495322e-02
1.306259026847912119e-01
1.676327024653611318e-04
2.619290193912983122e-01
8.327398801673809026e-02
1.028188463554145088e-02
3.903779394423701073e-04
6.107095311529046056e-01
7.711735255956744806e-02
1.336832297239406650e-02
5.273402661095390881e-02
8.936870840692176868e-03
2.786360806621311290e-03
5.223962977499101157e-02
7.826707675590868427e-03
2.364839610511254228e-02
6.622854082030529832e-02
6.531578966123537944e-01
3.713595698374202393e-06
9.300428362014397099e-02
6.546113949858904935e-01
1.337129920010103890e-01
1.004046860216965681e-01
7.175488455089427953e-02
6.712017526836243364e-02
2.898751669677651632e-03
7.370493616955544613e-01
1.790326080291480548e-01
1.738391088195789802e-01
8.813217807911978563e-03
2.816864185990057318e-04
6.663213128095132019e-04
1.221301255330421859e-01
2.817947416249446529e-02
1.534758353445823398e-01
1.094952010329985513e-04
3.409236110767622230e-01
1.258493629736721225e-04
9.280177534104122605e-03
8.642085193035468557e-03
1.058748567904585075e-01
4.537735694695436139e-01
3.023416967702929198e-03
2.374417696979985032e-02
3.441292776579622098e-03
1.008601102817325239e-04
5.660509193296668629e-02
9.163781585441481067e-03
1.309030426731231170e-02
1.025489479140272251e-03
1.857982228122850854e-01
4.169153816036532604e-04
4.580456200384181581e-02
1.663558067016059627e-01
4.201481194176204893e-05
4.080749154520962700e-03
2.057707391290105603e-01
4.703039319852520342e-03
2.405280511634173189e-05
1.949204091331162205e-03
4.799488159389067587e-02
1.901059959125641621e-03
6.192709769307783718e-01
2.283487595900467702e-03
2.311018475288410465e-02
1.264929034248124182e-02
1.909077311191617263e-02
1.307377991271595381e-04
1.563038023598120607e-02
1.624021773966142779e-01
9.677490421896856390e-03
1.349743044731836978e-03
1.180711540113640184e-01
2.057417446659188609e-04
1.876359622153379592e-01
5.027922627574782366e-01
5.591603619139089501e-04
3.018461826720022768e-05
6.295004664295097419e-01
6.678594935433441737e-01
3.248647835322522891e-05
4.610837666756537252e-04
9.703097295051964222e-02
3.285690826087234173e-03
4.905753794889204378e-01
1.707699897194769612e-01
3.425898317432619633e-01
4.650362947218191212e-01
6.750775926924749148e-01
8.310378564556307468e-02
4.404250811262587994e-04
5.067961046395723645e-01
7.227736776938933666e-05
1.780836819322274139e-02
9.460458392073249900e-01
3.185638349310492695e-02
9.420228660048176605e-01
9.558124991832173123e-02
1.050707483982870755e-01
6.692193907363376377e-06
1.945718039661028498e-05
2.606021819161793984e-01
9.969323950875372820e-01
6.016876148007848091e-01
1.357468684231319519e-03
6.972844828064708560e-04
9.517164143875367832e-04
1.641427094394007913e-01
5.714373185071570660e-01
1.510182156290905235e-03
1.929060715916777469e-01
4.442825665630961707e-02
6.961057787260208629e-01
1.187469295078059173e-05
3.486713475575077808e-03
2.368324476139636067e-04
1.540128217965305857e-01
3.400921968334445766e-02
9.870298808191509815e-03
5.973568228895178578e-01
2.164708038782577060e-01
1.057593536226576932e-03
1.643793418098306591e-01
1.211539069867552214e-02
2.546060876021088992e-01
9.980911302593428180e-01
1.010516390865791835e-02
4.926706092592947729e-04
7.679364563028774349e-01
9.713479301119479770e-01
1.820106731962064465e-03
4.018281274414310677e-04
1.054305458718255151e-01
6.535344281810987095e-03
3.159350971622706776e-03
2.691756948288979157e-01
2.160601729049395001e-02
3.432919546815074718e-02
3.183373945070379352e-02
6.379442824073394691e-02
3.143985183532250205e-01
2.651664300561502041e-01
1.696564922062411952e-04
2.843599562132904067e-03
1.366723813855881043e-04
9.893680486054295953e-02
1.489038527796020528e-01
2.877472993713890356e-02
1.359507547503089053e-01
1.360694221402458937e-01
5.374830240850722758e-03
6.181492631424472667e-02
5.880867064432119262e-01
3.973830153780187613e-03
6.204227357777007332e-03
1.178201881997639200e-01
4.509577384871477634e-01
5.746068849800682957e-03
1.431778406119713076e-02
5.602863536189237569e-03
5.429185170979770186e-02
1.396790136596547409e-03
7.083302909475668041e-03
2.234215468805844250e-04
2.640202039483734772e-03
2.553303070941900614e-03
2.969154139063107795e-02
6.905587484792193725e-03
5.914561858401206490e-03
9.372778671534961470e-01
9.711639476471478627e-01
4.327669292754099395e-02
1.088443870354543821e-05
2.213999141085565628e-02
2.442956796319443319e-02
1.854324582393829636e-03
1.427959652989109832e-02
7.087549376629561637e-01
1.815705358419016828e-03
2.731520080355531177e-01
7.070046363287322069e-03
1.518835118239939552e-01
4.427999386258217205e-04
3.921009996025912742e-02
1.771524821460188298e-03
1.201919518517122719e-02
2.601762208105755803e-03
2.163152105691877776e-03
5.595904125279909345e-04
7.611967704741608165e-02
8.078460476088904219e-02
3.117049462726366182e-01
3.329348953756469665e-02
8.679217472299187094e-03
4.448199006102770969e-03
1.531092133367924490e-01
9.374987284625851958e-01
6.556573224059854266e-02
3.731787375629210673e-02
2.122217562246711021e-03
8.714608830800196423e-03
3.932859335723094124e-02
1.588751143635460522e-02
2.231286793337445510e-03
6.194803209693144387e-04
2.493416399001482583e-02
3.705392735310974821e-04
3.604529665738602506e-02
7.958310919110414550e-02
1.087632148085173299e-03
9.734839027221586782e-02
9.710213465020745005e-02
4.378904318952427923e-04
5.147234369303672376e-04
8.420050423743668730e-03
2.240061784962948388e-01
2.074345994534531820e-02
6.428816515442008217e-02
7.264583816407333035e-03
8.145911816945674124e-04
4.695908243764338082e-03
2.958310765239434773e-03
9.561815672317978401e-04
1.408220046936886453e-02
7.808720182989086211e-01
2.155338157961454032e-02
6.612735559759929174e-03
5.038190458406666128e-01
2.726832833892666938e-03
1.212564425916749989e-04
8.308241112374462611e-01
1.712531867385517492e-01
1.040582360567931935e-01
2.093995805871464999e-01
1.108978710413104692e-04
8.783812938534547171e-03
5.959769598784282751e-03
1.312394579530437241e-02
8.401984471848578107e-01
7.258301838899721325e-05
9.618842384877170776e-03
8.667211326015868134e-02
2.017215029857460581e-02
2.292719762052325365e-05
8.645132788896415024e-03
8.438552624877566997e-04
6.621504890965278223e-02
1.621387146541538801e-02
2.128885342728821239e-01
1.184573011601634251e-01
5.261766611567741947e-01
9.492873878229739493e-01
2.703970413529543058e-03
8.000726004988099049e-01
1.956304944253379682e-02
7.337546348119619415e-03
1.170609488097412070e-03
3.238430262840398684e-04
3.394279252250692602e-01
1.325428332419278812e-04
1.221877632774482081e-01
1.127442070178153177e-01
2.027062802062834512e-02
2.903923409473562756e-01
5.102395898119137518e-01
1.045366582750316582e-03
1.780150661871086060e-01
2.133749399758743520e-04
1.484511908921225933e-05
2.152044436074886796e-03
8.296494046237799791e-03
1.295902714230762719e-02
1.438762519829063372e-03
3.594614163334210466e-01
2.443637684450119217e-03
9.739819112396763678e-01
1.405173185893898811e-03
7.712251020824041972e-03
1.016357272203598271e-03
5.927928653566828972e-03
5.121507769845031659e-04
4.120387693070700630e-01
4.256655289288144143e-04
5.478158599127498814e-03
8.522006937525060666e-01
8.454505232584069588e-04
5.198466023137957373e-03
1.456735159757336640e-01
1.114754993716025044e-01
1.192041666419926989e-02
3.088036747144174657e-05
3.469600141282412728e-04
2.948138675081621307e-02
2.766465883007311762e-04
6.341580621341167193e-03
2.030604837910011430e-03
1.691219916288896853e-03
2.046015635987185211e-03
2.360332885152038179e-03
1.123892609564608024e-03
3.876520492555008768e-04
8.565766379955172538e-02
2.637694001815137357e-01
2.760916070693163215e-04
8.405396863585553602e-01
1.224385093539026303e-01
2.266531363328373391e-02
9.357141534345737172e-03
1.010718446665709053e-03
3.951730763587436579e-01
1.671547873173363785e-02
6.355084429023276534e-03
8.871971357411002684e-04
8.106839212751650869e-01
1.210341902628043198e-01
4.035361741502688226e-02
3.231211286170481735e-03
1.112801264708779141e-05
2.799153678143738097e-02
3.092763971419284965e-03
1.328666271962396228e-03
2.791679237050953555e-03
1.066769621585716537e-04
2.416674949592232946e-01
3.083104953317934716e-03
6.513151962422450980e-01
1.333621355687991672e-01
2.393217687583109599e-01
2.561205608634800537e-03
3.073392065435564743e-02
8.276297395034470927e-01
4.044648274934889605e-03
1.842574598913336581e-02
8.770491450679719359e-01
2.775326097667128386e-02
2.307538215965426894e-04
1.865448485148449020e-01
1.689116750848744866e-02
4.435559475369395960e-02
1.167324942932053827e-01
3.167554228457929860e-02
3.034126873039130301e-04
1.266385653810764289e-03
1.650383366304204180e-01
6.451472342671775717e-01
6.474865610419471007e-02
6.113562673672814918e-03
3.513109752059490054e-02
5.264864358448352773e-03
1.901375218907915086e-03
2.369942144507519999e-01
9.676847996666142482e-01
5.126956069898477852e-04
1.345524106572587087e-04
3.071755929892747670e-03
8.593725227283272039e-03
6.465299259474309966e-03
3.080908251337210742e-04
5.166704423816114583e-02
4.293037260929358223e-01
9.604151372339538861e-01
1.010970054691608154e-03
1.515802189819092927e-01
2.219808607281141479e-04
2.480566335814773579e-02
4.739718173222669945e-02
1.267781928942461056e-01
8.714389309688916341e-02
6.217042423949155072e-01
1.282678422316160978e-03
7.088587468178531026e-03
1.528020618142258806e-02
4.103945470743839419e-01
1.990615397102621560e-04
9.347695738355799727e-03
1.369643333823109460e-05
2.122508862739170849e-03
3.382217878345174233e-03
3.288355949942351093e-03
1.839479735502328296e-03
3.514398181012906575e-01
1.255150220736305450e-05
5.759939782731152841e-02
5.366409442374490925e-04
3.591917199388547366e-02
9.346352521110897751e-04
2.253676882376453861e-01
2.550352213326677053e-01
5.411841169948596875e-01
1.088988041050474370e-03
8.323927968847569803e-01
5.196137401976186343e-01
5.450621640931831990e-01
5.332229246503166799e-03
7.012362206919726670e-01
2.491098402501583896e-03
6.881360360107927621e-01
3.110371055985403435e-02
3.460721602631277715e-03
2.632128060886543119e-06
4.660694442501426941e-03
3.985510430084840405e-02
6.136926883956692579e-03
3.928503720352228834e-01
1.240775643308622972e-01
1.573893947648422748e-02
1.331782999396618952e-03
8.866431567050449269e-02
8.139152696052419367e-02
2.525654643618773787e-01
2.133286857245546286e-01
1.868393934098463993e-01
4.246797083709077936e-01
1.353703969008375864e-03
1.049831703419978716e-03
5.003322340999702368e-04
6.906602658477827006e-02
6.597081094621428665e-01
1.192999630527117466e-01
3.151673481974072710e-01
1.360034994723335333e-01
4.284721195518420588e-04
5.064687556901932564e-03
1.988063343937272742e-02
6.799168146145846414e-01
1.876145609058178440e-02
5.753926790769949839e-01
1.157050252697532262e-02
4.053388050550649213e-02
1.084747900244503217e-02
3.068494763372155432e-01
4.726851358718563850e-02
9.785750491964217979e-02
3.210827794423539161e-01
2.121018706815753184e-03
6.161719953567525859e-02
5.270320081558563068e-03
9.682818936769370128e-05
3.748185884646912706e-04
1.632433128097138990e-03
5.558273807571809414e-04
3.720124913720158216e-02
8.558289359004384034e-02
2.260205635824926503e-03
5.569997531566636684e-02
3.001718689655585685e-03
6.451320882778195653e-02
4.422432916244935404e-03
1.356742082877373523e-01
3.872856173989558913e-03
9.996589627544001377e-01
2.161327356081924576e-03
3.936366660083661295e-04
1.397985566408147841e-03
7.151441729375868431e-03
9.823130774987974823e-01
1.081797952170965782e-03
2.780772064386421438e-01
1.005440447129815895e-01
3.916019960701768721e-01
1.559922202849902961e-01
1.812396226958273571e-01
1.998513912329245856e-01
9.619255959426638303e-02
2.323062714152096184e-02
3.933074749016832010e-03
2.623503312504020524e-02
1.480103890260995869e-01
1.341661293087474949e-01
1.296455429046785689e-03
6.359421709584559164e-03
1.153754347698646848e-02
1.741179254917854085e-05
6.280094152774335671e-03
2.239396430693912921e-01
9.907630801997012807e-03
3.592509153528784544e-03
1.011092358961074855e-01
2.635625325348648351e-01
8.965137366534937924e-02
1.870552098841840039e-01
2.332298834424183947e-04
1.252759787171234818e-01
3.963185597138485505e-03
4.969684295789619788e-02
1.223530401262620283e-02
6.168205790966412722e-02
7.855191260230547368e-01
2.402011017275816531e-03
9.003487612779179083e-03
2.979870987992589999e-03
5.738010580518916326e-01
3.158585390093434763e-04
1.770427702447808886e-03
1.650743879019488380e-01
9.077608387062877657e-04
9.352797921753935873e-01
4.070870087202805854e-01
1.867514797975035612e-01
1.072324558640697263e-02
7.299127557827907002e-03
3.454050551275023723e-02
4.157888522846646118e-01
6.689389628633753192e-05
1.942984633793899685e-02
4.535953989988839030e-02
7.704530832797942819e-02
6.359525650742148088e-03
1.431481215690849629e-02
3.814730179079761085e-01
5.006351508697438613e-01
1.943812216934691084e-01
2.693556045821291489e-01
7.743154953505528959e-05
3.444186166193733811e-04
2.390419419896285327e-02
3.363221200208231232e-01
3.722587151782009128e-03
9.215029247984680982e-02
1.424749515651715882e-03
1.394131285176362185e-03
1.477951697239015746e-02
2.402594326924186729e-01
3.484517799373570285e-03
3.774862923273694659e-02
1.377112507982872040e-02
1.420032003006861492e-02
8.540511892684548982e-05
4.917552312871152909e-01
9.774688580357876033e-04
2.851181116548611241e-02
2.585702453800741568e-02
1.806462868992046999e-01
1.157709374269521030e-01
2.287520585073685442e-01
5.767097051963344240e-02
9.166691234011190232e-04
1.805097740568969711e-01
3.982127216716566803e-02
4.715447593534518624e-03
8.955032440510191072e-05
2.245928283378225698e-01
5.874304192999710295e-02
1.308821129784034504e-02
1.280494044186181049e-03
2.035485973107344125e-04
6.833765711192885117e-01
6.259098935626788334e-04
1.827198059680422480e-04
4.419938387515719483e-05
2.545481069618139511e-02
2.478887119595229171e-01
4.300873050915454340e-03
7.941682876802155233e-01
1.919183454267594791e-01
3.271753069410170134e-02
3.470226516606496163e-03
8.660621951404069707e-02
4.914121746770234306e-02
1.781482544316380090e-01
4.353800536975872826e-02
1.884124163140750083e-02
6.956720825797699792e-01
1.558783566660089659e-01
1.418785464594636027e-04
1.228818026701482833e-03
1.818860105488716771e-03
6.351307848722913176e-04
7.807960878712663644e-02
5.407604809357095204e-06
1.672050769485394685e-03
7.045698035392604364e-02
7.152143512419367744e-02
9.655545339781430592e-01
3.627037555045101083e-04
3.122884283152752797e-03
1.244170560544440030e-03
2.716823900278316582e-05
4.409831128647846710e-02
9.595834036234210385e-02
3.550758933201196977e-04
9.867581014692674568e-01
8.075116703943598312e-04
4.982243386140933813e-04
1.614109338858598156e-02
9.956252883090824235e-02
8.883403339363823287e-03
3.512218190368092130e-01
2.957380200203741927e-01
3.222549154103260260e-02
1.392331294341396866e-03
1.325667400199913130e-03
8.080833495062635791e-04
2.613413969705814521e-01
1.106738673749217781e-03
2.158167404683436486e-02
3.862210585638995580e-02
6.923430110329247267e-01
4.213936236917714684e-01
1.221914674863645855e-02
1.913996103099943891e-01
2.609662679000607222e-02
9.122268493929731534e-03
8.328677160772305450e-04
6.716540495793000198e-04
2.062204302848724604e-03
4.955819332227482943e-01
9.809667921470310858e-02
7.404000035089421117e-02
4.111422651956343766e-02
4.633988942790091999e-03
3.710592000416262359e-01
3.824604298179495963e-03
1.312882740945575492e-02
2.296622602479846294e-03
1.200313227478455152e-04
2.120111286550007204e-02
1.808596903224075856e-05
1.161965522554329498e-03
2.756179986884977826e-02
2.876062166463832018e-02
5.333429754897682507e-02
9.800765319036819877e-04
3.072435413309300184e-04
7.904768226366884823e-03
2.916185409715790766e-02
7.133719312152437819e-01
8.382022902837585332e-03
1.479421512484879221e-02
2.244957559151039876e-04
4.204784878447053419e-03
1.292998084394235154e-04
1.926382056412786472e-03
4.512802730799766321e-02
3.700893092810346452e-02
2.634628774861165201e-01
5.377377294523181250e-01
1.281228788176894335e-03
2.670105733537386523e-03
1.475632419963392727e-01
6.076009575870541107e-02
7.003748385219632847e-03
4.171483731433422862e-04
5.246853287117447763e-04
5.011548638513866998e-03
1.260450890745922099e-02
1.350145672282342980e-02
7.251452532712117371e-02
8.068793720053192287e-01
5.057402177307492863e-01
5.034445890494888831e-02
2.270124341898601544e-02
7.229139083604704807e-02
3.866021041986243139e-06
4.043448653685417504e-01
9.528823181759493721e-01
9.127579491099633291e-01
1.513907686098379390e-01
2.014873491324622838e-04
6.848493849273318973e-03
2.546221182215101589e-02
5.180736135327687446e-03
4.124277761640248027e-04
1.657675070061787603e-01
1.936309498213411489e-03
4.973221676512346902e-03
2.037286296188463644e-02
4.640102805533706694e-03
2.839130362673392485e-02
6.582676243028807994e-04
1.380981357787618435e-01
1.017368297452477845e-02
5.425435958565143213e-03
6.103683330395598405e-01
9.011529182637671997e-01
6.623004220588499247e-02
4.457668170816882040e-03
6.723391914791534973e-02
5.892331453296926173e-05
6.213649583934678367e-01
1.286131594300575151e-03
1.455086375190195735e-01
5.210462319073836390e-01
8.415256257122005756e-01
3.290150225086020067e-03
6.293134588588732425e-01
8.497930232680169296e-03
5.044772017590756210e-04
2.443554479352297651e-02
4.355500162891160951e-04
2.479118167321927579e-01
1.991211298496505766e-05
1.995791411750498620e-04
1.687169113107537632e-04
3.884581280264105449e-04
1.884769771005003446e-03
1.021946385271784163e-01
3.955460092166534353e-02
2.178018545589079646e-01
1.772957298494396913e-02
9.173168518512947456e-01
7.582348203567132461e-02
8.941389035512888528e-04
7.216297789824634937e-04
2.471294312783733071e-01
1.087668646890049362e-04
6.371904180923843898e-03
1.683130822058577589e-03
4.275561555809619563e-04
2.196987347251740386e-01
3.167160498116702318e-04
3.235406112699679149e-01
1.572187232660515188e-01
5.871277173732569396e-03
9.265083599900326159e-04
1.424899863620310292e-01
2.796603456302049207e-01
1.927959862693481505e-02
5.420733435266536504e-02
1.408765343078748414e-02
2.128905319812796418e-03
4.645526046951317482e-03
6.137046137691219705e-04
3.859813318957323186e-02
1.178106618044260890e-05
1.440509955444345749e-02
1.876424542107551249e-04
5.698329234125848290e-03
9.350877836863707993e-01
3.602606783507598248e-02
8.139400988095154069e-03
3.622827205222336859e-04
5.911654019617304003e-03
5.417963312781184232e-02
1.843031168451031952e-03
1.911357750988571663e-02
1.217257617003504877e-01
1.794949320484910801e-04
5.939530178943619454e-02
3.071652567777279907e-01
9.968395182623258632e-01
9.304103152283794698e-01
9.901749016792661395e-01
9.870289470514000962e-01
9.904946572690753737e-01
4.723397871594505748e-01
8.342343602294212124e-01
9.004654666198187440e-01
9.970123589700248257e-01
2.990108069702086535e-01
9.629120893217422150e-01
9.614795112214374884e-01
3.628424957014871333e-01
9.973047730262983857e-01
9.813147704085325440e-01
2.646710084844363098e-01
9.863154596983716438e-01
9.551992765812232777e-01
9.701375617851234479e-01
9.590542063323742594e-01
8.595630685931735515e-01
9.993486467479267832e-01
9.909796307365554835e-01
5.678799262004970982e-01
9.838100982881564649e-01
9.682078240713801742e-01
9.197785520912672430e-01
9.582643295042698739e-01
9.892645412009108963e-01
9.076498471180530769e-01
7.973267622641529995e-01
9.845147384337747942e-01
5.866931742151400009e-01
9.948688339805983327e-01
9.995991037510337796e-01
6.624333709644927293e-01
9.950415098410912984e-01
6.646294654904042476e-01
9.720302855430843492e-01
7.538670851338981072e-01
9.347795238841233312e-01
2.994392952338418845e-01
8.479993009613301380e-01
9.763886105019422557e-01
4.860205305893159911e-01
9.474134606723213503e-01
9.493588998693632819e-01
9.513503851686327950e-01
9.978431435576211594e-01
9.984529028710825704e-01
9.757439088249695303e-01
8.565619738179177656e-01
7.105243964955467728e-01
9.930464341121019167e-01
8.791178628864885214e-01
9.713689404351031342e-01
8.175979181991337441e-01
7.790324238083855546e-01
9.990520703112899525e-01
9.256051722888595235e-01
9.910119652028827053e-01
9.890298297507956748e-01
9.969551382537275019e-01
6.334216532142282752e-01
8.277698903633721184e-01
7.731080902244008568e-01
2.583901784742718699e-01
7.267926401183585350e-01
9.521063975033996485e-01
8.753291892615551184e-01
6.133000672639237205e-01
8.680978973594765113e-01
9.537623837851573194e-01
6.291602648709979650e-01
5.962835718669710072e-01
9.975976438514981837e-01
9.201559394924093693e-01
9.943756367204708013e-01
9.471140103834799762e-01
9.995617430430884243e-01
7.863889297407801182e-01
9.797380035000610166e-01
9.607457856585668310e-01
9.797178899490966986e-01
8.810835611574521220e-01
9.447600589110006775e-01
6.017819688452227256e-01
9.328498754503322665e-01
2.644579236183822735e-01
9.452349142619400624e-01
7.766248373149242656e-01
3.362527910771011541e-01
9.928071291643084662e-01
7.975466082732767248e-01
8.741207608028999099e-01
9.460370540405331763e-01
9.020247911492966786e-01
9.480766597927350325e-01
9.940823340099819161e-01
9.574929896145502051e-01
