5.088247593489512305e-02
1.994676980219262930e-01
3.899119316841753724e-02
1.111302452377805478e-02
1.284324112184072331e-02
4.269111993764751825e-03
1.236589035451262112e-03
5.414613797818492238e-03
3.159735064245836837e-03
5.465774139043368118e-02
1.741076252250263814e-02
3.159169590395776404e-03
4.692092017684801331e-02
4.159726212839950366e-01
8.399955531920225496e-03
1.562245811719722988e-03
4.154301930290904554e-02
1.030286121259828128e-04
1.090105299961762527e-03
5.724778050722553052e-02
6.898790210499313830e-06
2.589365574012376936e-02
3.688974965801683991e-04
2.614187079789710016e-03
1.774493583736987329e-04
3.148376043791447504e-02
4.998570105247291274e-04
7.839432968383946293e-03
6.792029881619507208e-03
4.544352507711522243e-02
8.901732483752328867e-04
1.886411815825178410e-03
4.883172028885548327e-02
5.412908655501826911e-05
7.012945940413285902e-04
9.956557528383391613e-05
6.502700164126270881e-03
1.344427030429999614e-01
3.802986531408950217e-03
1.737696991869417187e-02
7.912806704042448999e-03
1.867182143363986155e-04
8.196798118616405475e-04
1.643201368073093915e-02
7.817058898357104844e-04
7.559001741834180110e-04
6.895384134762835848e-02
1.374924053390309776e-03
3.050233361128209760e-04
2.735526469929746088e-02
4.444817911145106937e-01
7.355411521295684638e-03
7.893342888319640309e-04
2.046652574640377975e-01
7.999147729587578748e-02
9.439015456878335980e-04
6.108099392144278501e-03
5.697128522170222080e-03
1.279564840500911941e-04
3.109133962504939935e-03
5.238400755346428163e-05
8.526926390250069016e-04
1.413751886294543382e-03
1.773906473113408613e-02
1.492803624097376980e-04
1.544373330623456109e-01
2.556813269146741580e-04
9.056538844316508246e-04
3.964464131729621144e-03
3.236760239427642627e-03
2.423027128368919567e-03
1.259916106857165291e-02
5.402298823447255300e-04
2.994836608591895308e-02
8.994033821206225132e-02
2.131208029967052002e-04
2.527090060901331136e-04
1.843655986640679184e-04
2.255336164498465776e-03
4.473553062179509016e-02
4.705606465251038206e-01
2.170906826577352275e-02
8.352896674725991287e-05
6.378324641071970785e-04
5.104673889284660560e-05
1.183295616489074206e-03
2.676796469173868195e-02
1.841857568247647092e-04
1.535358468596735321e-03
6.359209308296373238e-04
5.128270647850160374e-02
8.813425304019639750e-02
1.878853061040234164e-04
8.048312188485057164e-04
6.805155659540451651e-01
1.262944210916772947e-01
2.617620742920637850e-04
4.471923438598069366e-03
4.104235151325780163e-04
3.301210093562825798e-02
1.333496895528224480e-03
2.236538414504528338e-02
5.308738362033208619e-02
2.195115379068418669e-03
5.702618219727418995e-03
8.905605081231717781e-04
1.386600273769548032e-03
1.446245945803538002e-04
1.149283191843818164e-02
6.821057235582202996e-04
9.532681274746195726e-03
6.653520724489530279e-05
6.424492155405940683e-04
2.928397158854767566e-03
1.821713723353263496e-05
1.617250536394552454e-03
3.617103726716220519e-02
6.723219900098019541e-06
3.057875639305558842e-03
1.164717721713256493e-01
9.090130466736834921e-05
5.548025111013940277e-04
1.062594897910023282e-03
2.535334547021376658e-02
1.824407276783202719e-02
1.496393345560517209e-02
8.660279217439552368e-03
9.592066581345080889e-02
4.630682221172295219e-04
5.718097376389037236e-03
1.606800986431299949e-03
1.772022583035834722e-03
2.071633539333640472e-01
4.726771860522144264e-03
8.230925028750453020e-04
1.444826378843424609e-02
2.564108904393248064e-04
5.205873105482691776e-03
3.273425854240550421e-05
3.888665217733630413e-04
3.267578616670791078e-04
1.348524084822470999e-02
5.156200216208954058e-03
2.622088705607046166e-03
2.474760027242536029e-04
1.496023570550072056e-04
1.523370420255713278e-03
3.783326676513334985e-03
4.144536878090642720e-04
8.026276139846860377e-03
8.336516962541402898e-03
2.065550927739229944e-05
5.233804016490363432e-04
4.416946766648977962e-05
2.491925899082584883e-01
2.050884439629403408e-02
1.990503753566316789e-03
6.442420820060197007e-06
1.479662970754332682e-03
1.257580323983050136e-03
1.258772043238028104e-01
3.732609116585682853e-04
7.241026960874429898e-05
6.609991255882910303e-03
1.140626275952467093e-03
3.830462996392451358e-01
7.445384919811737830e-04
1.111739305158907518e-03
1.250309279154260802e-05
3.496543050776569107e-03
3.573973263814795784e-03
3.351420401062431449e-03
1.712632616287766141e-01
1.962756627633882329e-03
1.296860588318081986e-01
8.702665132223531830e-02
1.038768511608405831e-01
2.451423572078524279e-02
3.050497223878988889e-02
4.277588938068499318e-03
4.904136958698091311e-03
1.923295831886365215e-02
1.380744589566329332e-02
1.965015119118830329e-03
1.689353799199211636e-01
6.646052785761943091e-04
1.129815124947292391e-04
1.432738162931763461e-02
8.464188065718656522e-04
1.611994855003910610e-03
5.000705674095051110e-05
1.996760090835854231e-03
6.799249161812934194e-04
2.310235381813562647e-04
6.757757486667503866e-02
8.590289732690988478e-05
4.763177522091124080e-04
7.037532440557749125e-02
1.250821854426959479e-01
2.228599701309559936e-02
1.254619052458302159e-02
6.247134265917785728e-03
2.742183651064881728e-03
1.516626720653835997e-02
7.722422446423417818e-03
5.646317075672258046e-02
7.832959374512717121e-02
3.173043426900851866e-02
7.220876692760739603e-03
4.911444524358623415e-03
6.565267128142369393e-04
5.094283776710668534e-05
5.323319574908235569e-03
2.987739258594057298e-02
1.959079691215612554e-02
9.030245233694042528e-03
8.706568511112318734e-03
1.189789834931953344e-03
1.297841467304562332e-03
1.127378156985268803e-01
4.644693734134300311e-03
1.989634284825096775e-03
5.012975097257733360e-03
3.471831075480620761e-04
6.065199691648293090e-02
5.124425563160158598e-02
4.618569096070882646e-02
2.785518488269867095e-03
2.160790051451386227e-03
1.894475846722486027e-03
3.157881442717493797e-02
1.504040181283612665e-02
4.144191470615714128e-03
5.697798825116678553e-03
3.412886784971126686e-02
2.673343654076863751e-03
7.394822429718585048e-03
4.008816429166936479e-02
1.113122688558909612e-02
5.396743486641426797e-05
1.455812627758083441e-02
8.047395400844984531e-03
1.806182342051401669e-03
5.553204620230285486e-03
1.398953231107290078e-02
8.392755910523232998e-01
1.882430281454230622e-02
5.375085003782488491e-02
2.853178825142132363e-02
1.453121326917902571e-02
8.086055877787653307e-03
1.434927806581201282e-01
2.212453996850550586e-04
2.637334679483007045e-04
1.776391446856776619e-03
1.020472606677591543e-02
1.874287317042682907e-02
4.736122816725758800e-03
2.712996284296724687e-04
1.576679163320955765e-05
4.279562493657146187e-03
1.195695850321974209e-02
8.718190817177555235e-05
5.077113732555962183e-02
1.872696121718884707e-02
2.079447465130208113e-03
3.896021159544658247e-04
9.043144205680443692e-02
2.177887264925046015e-02
1.783624067040398119e-03
9.856414915673857025e-03
1.566715475022305119e-03
9.315527999610169040e-04
4.128012733680725896e-03
9.425952271606067960e-04
7.047498783901950427e-03
1.079066177510615981e-02
9.622873579965819657e-02
1.313723383560183660e-05
1.504705655717676269e-02
1.189894741327622851e-01
1.686142149358750911e-02
9.180498530150160361e-03
8.818098123842307845e-03
1.360338285371928170e-02
6.462715835480327235e-04
2.014148238144256031e-01
1.945265383313464144e-02
2.600317687491360275e-02
2.369526150360441383e-03
2.190642488038585804e-04
3.625323416819415745e-04
2.009265214148965237e-02
3.633573479852721111e-03
3.375751377929850361e-02
7.130766068145741896e-05
5.336366382010490628e-02
1.200807758283232182e-04
1.976709274656906264e-03
1.814532010165174252e-03
1.980526465632396690e-02
9.475718544513826724e-02
1.014929647063466094e-03
4.415998762781351075e-03
9.674639737350939706e-04
7.151788028353123520e-05
1.294007412267417570e-02
3.330498244895346936e-03
2.218403077751064136e-03
6.927647154004273845e-04
3.718522073010126217e-02
1.665118364681750717e-04
1.842526173705914122e-02
1.993197783787892599e-02
3.343979521818113610e-05
3.053696768091921504e-03
4.016838197513820929e-02
1.390099835313992780e-03
1.433081375735536580e-05
5.128790478613492630e-04
7.923947942689177348e-03
5.880678878688742938e-04
1.415070775664085678e-01
8.139725222150587854e-04
5.446053511860984332e-03
5.152199045531872211e-03
3.486222660467684642e-03
9.567678392156304967e-05
2.504301472131998437e-03
3.365631405936926612e-02
2.747915465891795708e-03
2.731994552649792099e-04
1.438095082042741349e-02
1.630092371865027084e-04
2.193882442555855627e-02
9.311593399630049839e-02
1.547295770936368093e-04
4.253445324097026410e-05
1.696160068155869172e-01
1.140056420599872694e-01
2.400272053550656321e-05
3.314016456604858447e-04
3.307801047186136045e-02
1.575967354945335660e-03
7.045109527087438372e-02
4.550587892543364599e-02
8.781874390789370932e-02
1.099154103929331910e-01
8.492520690093358082e-02
1.521154832948774967e-02
1.222413963095223466e-04
2.877588899769112363e-02
6.368662899964114981e-05
5.133600807721392691e-03
6.454737953526794580e-01
1.239753260740533367e-02
3.943868274780527039e-01
5.853865265805135477e-03
1.549548375162165814e-02
5.025935675867921996e-06
2.419521091120720491e-05
5.172154537398051394e-02
8.550686741933706259e-01
1.770930421664871912e-01
6.040962667866291765e-04
2.108422469653071574e-04
3.292135181218694851e-04
4.724826310048808181e-02
7.290379169454037911e-02
3.900888513899335120e-04
4.263337390486095918e-02
4.168466791202450790e-03
2.727047974982477752e-01
1.463640035038354664e-05
8.987506308063342771e-04
1.059909303315468735e-04
3.018975934082325507e-02
8.812417179969497111e-03
1.736364067952557867e-03
9.615314853995819699e-02
3.039706164485673698e-02
3.321499700418624901e-04
4.252907832439425939e-02
2.386869549026711911e-03
5.287934892604065351e-02
9.588568260544332311e-01
1.751007792455136838e-03
3.180257873670470957e-04
2.191084995625353082e-01
6.078999689109287896e-01
1.368039086072500403e-03
3.465128647564610378e-04
1.487764604732090545e-02
2.447720920258240288e-03
6.896527863328659165e-04
5.929244427701749198e-02
4.072416110489911201e-03
7.837085155654930496e-03
7.276098843490778033e-03
9.856313102808298560e-03
6.560195958263599636e-02
5.181601634937936518e-02
8.596457324314426987e-05
4.458707191200521466e-04
1.386897289223165491e-04
1.844060972317188019e-02
1.629604360174942770e-02
3.468474600081043486e-03
5.097980601058230143e-02
3.476656953489562496e-02
1.780503228560772859e-03
9.304066256966725401e-03
9.527177107690645852e-02
9.827439321598496411e-04
1.079335484680796426e-03
1.496708953483366807e-02
5.131321402401321091e-02
1.126424093738958004e-03
5.147270655980353167e-03
8.881140991397875944e-04
1.003288085414501957e-02
5.139354605964057202e-04
2.699034432074605156e-03
1.238740448741553087e-04
5.104678493541209066e-04
5.702897924412418315e-04
9.925767579639451291e-03
2.143274302200518650e-03
1.802286043795655853e-03
3.000587821839385549e-01
5.640688976973132762e-01
7.758419127653392970e-03
1.134533935751773615e-05
4.779288233046245955e-03
6.041548296932079502e-03
4.327789069544678356e-04
4.610564621366468850e-03
1.174695538163338659e-01
6.286260454282095560e-04
1.675838112418103279e-02
4.291181449564184305e-03
3.334920006896176237e-02
1.047354821487282700e-04
7.739533956953991573e-03
7.719776998534362425e-04
3.409584326275534594e-03
5.132743619000304297e-04
6.323429432694568312e-04
2.835128790922802314e-04
1.853171652648824205e-02
1.973529799786714542e-02
6.799145057683404769e-02
1.285616233176405110e-02
3.098426716743984521e-03
1.393919549915549052e-03
2.518501714845863826e-02
6.387195157407851154e-01
3.252860780745537445e-02
9.656034074777131507e-03
8.448327302278268872e-04
1.485880595126965690e-03
6.102102192531824558e-03
2.871272398833495110e-03
7.220894893489486011e-04
5.294595768031509515e-04
5.406876058728041223e-03
1.432853914004349790e-04
8.726329218902040274e-03
1.490727238510832289e-02
3.747185646151387811e-04
2.421763222787191513e-02
2.189729498930378243e-02
2.448767210307237251e-04
1.282151408740893491e-04
2.227277376621773861e-03
3.208327240869240926e-02
5.260542598188536895e-03
1.537241180252364205e-02
1.120692941129050515e-03
2.572248110378081635e-04
7.551060204197548257e-04
3.299537766648213402e-04
2.502720496093377477e-04
4.372971336674196137e-03
2.590902448584809781e-01
2.911041347327339695e-03
3.331775859852027181e-03
6.073299205296348036e-02
7.340795771208186941e-04
4.186397207290259542e-05
2.406488899061041409e-01
1.850823244485446870e-02
2.381254081308169582e-02
3.639576021992908111e-02
4.655668985354841706e-05
2.830623927110297380e-03
2.634069505954818140e-03
8.097759326765282747e-03
2.227757291035246945e-01
4.538248438804236534e-05
1.593142380098237472e-03
1.853604015790795770e-02
5.268408031319095353e-03
2.876312171176567843e-05
1.924752979746775956e-03
1.734877943050220121e-04
1.014247227187498393e-02
2.191577672719512582e-03
2.127381057417748397e-02
3.213021812113713016e-02
9.583141179676535337e-02
3.486799233425427746e-01
1.346898819704611715e-03
1.969418652678557868e-01
2.604341023127895900e-03
1.760925006928530873e-03
4.668809121933833041e-04
1.032651404434420812e-04
8.622835273607881712e-02
9.588588310277629755e-05
1.302699232821434225e-02
1.841788887954325105e-02
6.076095377615924747e-03
7.910488675468482778e-02
6.007556616084419598e-02
2.465689947527685078e-04
2.265381017559453883e-02
9.520824620766737273e-05
1.117660939648208081e-05
6.153525941933542416e-04
1.528740630917189590e-03
1.055953211851552460e-03
3.864872129845310276e-04
6.007031889103417455e-02
6.074018133900337471e-04
6.594790960646724765e-01
5.374856240757486334e-04
2.962973060835827951e-03
4.146082845356532432e-04
8.054607903935758146e-04
3.816210487322908916e-04
9.146707324857758503e-02
5.052532417033275955e-04
2.652510959649688558e-03
3.169306730492427726e-01
9.016211457109992757e-04
7.248704766921272493e-04
1.638120442385327530e-02
1.599327362900933303e-02
1.528808600488379714e-03
3.460618325217171791e-05
3.659642622162857751e-04
4.985794547615815531e-03
1.907540099126933436e-04
1.651339294520596862e-03
6.916758923586004181e-04
7.473200122893416302e-04
3.689864013437695457e-04
4.008054201792772314e-04
3.115660031480411724e-04
1.479856205020464190e-04
9.133031432413037456e-03
2.345311424802468125e-02
1.567769999045310724e-04
3.133330261145651496e-01
2.117432788160928184e-02
2.958007917997781868e-03
2.958022303846574025e-03
4.163742270666614888e-04
3.000370537983555741e-02
1.539920157106924002e-03
1.810120580762799962e-03
3.411291275494937191e-04
3.373515921907269122e-01
9.286215985397869646e-03
6.649141163316945810e-03
9.615646960794207044e-04
9.685277477011705759e-06
7.466604848690947330e-03
8.685603936401645100e-04
1.780947991255920672e-04
1.532807602781746572e-03
5.984520173842313383e-05
5.137316343630363158e-02
1.321535438063041771e-03
1.510150707791181601e-01
1.290456235904725683e-02
4.299638687003398685e-02
9.795823375256217103e-04
5.068891926474114289e-03
3.025813671978456187e-01
1.132609143724889545e-03
4.809791377370547030e-03
3.465614609542093105e-01
7.515556401372447924e-03
9.599946399377424296e-05
2.499631893071164665e-02
4.479871967829532516e-03
8.238187557740720909e-03
1.915217329964161164e-02
1.042134037727429803e-02
1.245558082371602123e-04
4.638757110855765294e-04
2.296815219104684364e-02
2.321261817838811692e-01
1.609547671357247287e-02
1.469930468226725772e-03
4.417388036613287446e-03
8.531352082936385049e-04
4.320271458862342748e-04
5.459299779826846249e-02
6.424737025322247996e-01
1.432765674159019315e-04
1.647302486372682754e-04
6.897917452477638194e-04
2.852752731122252215e-03
1.503638038241207142e-03
2.395677411982681450e-04
7.249763389947760060e-03
7.879820938397676111e-02
4.938227331900684192e-01
2.240925118061351605e-04
2.886895323064173416e-02
1.429950550976849955e-04
4.473177268166452641e-03
9.561851555449306025e-03
1.119580930196505293e-02
1.408719290002974529e-02
1.718727540524095376e-01
2.345474491347236234e-04
1.487219918266088296e-03
7.814489953374997855e-03
1.766196639792888268e-01
1.517051399133390781e-04
5.231192232097751568e-03
1.441453545201024664e-05
7.888357842585769089e-04
1.471793600525126908e-03
1.656161669358919815e-03
7.488472614779379021e-04
4.549038033876582482e-02
1.369090706618054304e-05
2.127748269457419711e-02
3.281059382704253611e-04
9.289235591085623009e-03
2.989709284637343000e-04
2.037453559547801676e-02
3.091185705657083574e-02
1.350557276908573578e-01
4.245702531239884401e-04
1.995752964233775406e-01
1.122840173560823301e-01
1.907224906402864018e-01
2.998716294096157812e-03
1.394797811054386272e-01
6.992616586868363694e-04
1.704840340967974655e-01
5.020266524832855785e-03
1.158442771165891323e-03
3.909493497432176568e-06
1.266941909249531080e-03
9.314587879977629867e-03
2.084935588972022195e-03
6.037760528429429036e-02
1.608446464392084690e-02
4.740505161514902907e-03
9.146522172273866425e-04
2.359549828176396233e-02
1.183144169473135388e-02
4.352064552838591505e-02
2.839450008803468331e-02
7.986842402298664073e-03
5.046376787763535987e-02
9.730844350882348996e-04
3.734164322228687737e-04
2.026050427532635376e-04
1.831978743208849403e-02
9.809353590309979887e-02
1.820319604656241499e-02
4.029092171166401976e-02
3.871440728510984475e-02
1.614988525358774965e-04
1.342827331874565802e-03
4.865028922098309574e-03
1.957005968410950592e-01
9.438569681867996913e-03
1.347951626838572448e-01
2.450257415137855905e-03
5.343257354823196560e-03
4.965243743509927497e-03
2.200516915041765206e-02
8.141758870348741670e-03
9.761362344947203604e-03
6.141420260601526682e-02
2.849215772687586109e-04
1.181036236456470094e-02
1.486841094253207700e-03
6.185454314511669969e-05
1.954111498011148074e-04
9.179387607714296644e-04
1.583304871556875720e-04
4.160044413618954953e-03
2.109479414751793888e-02
1.560347330316224799e-03
1.084493704104578377e-02
9.136930307847398102e-04
6.800377223260076036e-03
1.135561430052547602e-03
4.524047370451971667e-02
7.363694160057864153e-04
9.862321942657952256e-01
7.024726957188200029e-04
1.544805903706641644e-04
4.693181595630329067e-04
3.912639645486350008e-03
6.172342840866601454e-01
1.215564166175222812e-03
1.879521773290757092e-02
1.732227584823312766e-02
3.907794716193708356e-02
1.283911517310537542e-02
2.647915392036873788e-02
1.782968592756813131e-02
1.286808812635817194e-02
6.040157631891304030e-03
2.863231121403625912e-04
9.370140844631462754e-03
3.019322017233447633e-02
1.292027566274515406e-02
4.254472363839638567e-04
8.123455067772472442e-04
2.040926027435347595e-03
1.450426497014976302e-05
1.756663655803261193e-03
3.049175295571573963e-02
3.591285723842871543e-03
5.441017483262133468e-04
1.826517077821405294e-02
6.055083689275723297e-02
3.844565983342083243e-02
3.783628857313622862e-02
6.308879218976860717e-05
1.552737485680744621e-02
1.263905510233375362e-03
1.519531866755407211e-02
2.161242671942672361e-03
8.957892595166917771e-03
9.994809907097772228e-02
1.288429642700163061e-03
1.488242032205132738e-03
1.822726137106360110e-03
1.528769164322396623e-01
1.047853645016432990e-04
3.497926778086038143e-04
2.476651320708861403e-02
2.930135129228011916e-04
4.845712840304706726e-01
6.702482813277022000e-02
2.459581362756301653e-02
1.064568627678996564e-03
1.362383195724866649e-03
8.232122696881003995e-03
4.660933492503828435e-02
6.113242509602394368e-05
3.674645273484728174e-03
3.150599348325365534e-03
3.563107771057605171e-03
1.951028680416583153e-03
1.188620979343445704e-02
5.681352554870189309e-02
7.784448288260878424e-02
2.398472388785361301e-02
4.503290137254226111e-02
3.118508117797746037e-05
2.542967566888397262e-04
6.835039019100497444e-03
2.911926780159157513e-02
1.404116616587635941e-03
1.264116306542226696e-02
6.086561730538285996e-04
4.098685467884388266e-04
2.319340430319269831e-03
3.778355892551348016e-02
1.749517524154308194e-03
7.227833390919791677e-03
4.745648257360192933e-03
3.710811004150483833e-03
4.626795015786577375e-05
1.154308669754851996e-01
5.780380635074523462e-04
8.869066620906813914e-03
6.967679954910557805e-03
2.017667385781301420e-02
2.586904378318787348e-02
8.802931982748743445e-02
8.932450905236187857e-03
3.176006346408414747e-04
2.317054484708278711e-02
1.162260233813251602e-02
9.095012626192115930e-04
3.784373293810401790e-05
2.545060414649435651e-02
6.353484931766388392e-03
6.373316099608364489e-03
5.148476789802118158e-04
1.270275051948326246e-04
1.548422908660037900e-01
2.790940176272823053e-04
3.035222251681258290e-05
7.613416166770152396e-05
4.517871903782153843e-03
2.934411727399791753e-02
3.265095902095822497e-03
2.702130419153201957e-01
3.884805033857651607e-02
4.249258580896388832e-03
1.057683470772466600e-03
1.208125962779969635e-02
7.977003191773945553e-03
4.937079445984978582e-02
7.676186059720694309e-03
4.912152393729420953e-03
1.819801042520175771e-01
2.396207614093030444e-02
5.335590936538982677e-05
9.008034010791334889e-04
3.642874319236847291e-04
4.648124434247312268e-04
3.037343833113988201e-02
6.637831060136678733e-06
4.325490463184764067e-04
6.579637937828584048e-03
1.291741699189579741e-02
5.770969456515103735e-01
1.275541087822336470e-04
7.421855503032228274e-04
2.346798530616223252e-04
1.483516921609000572e-05
1.365121800639483574e-02
2.369472080348046170e-02
1.719309505809293078e-04
7.752588630870369535e-01
1.935944556328606273e-04
1.254818406755197171e-04
8.026729543319805621e-03
2.311936544249426281e-02
1.867221422166374196e-03
2.668448883566914773e-02
5.462762950928942013e-02
6.838345262204938331e-03
2.499054627014643559e-04
6.393947820307097725e-04
3.904173212435834914e-04
2.972049569168933383e-02
3.757806964174287539e-04
4.168315008973214227e-03
5.979387437007523988e-03
1.040703077278259114e-01
6.209966360531975899e-02
5.929610961401328428e-03
3.034308740166796400e-02
5.737778762608823115e-03
4.246974816020065470e-03
3.962623047819503102e-04
1.770764596742720317e-04
5.093272402939887653e-04
9.407282106814043865e-02
2.359948273728295493e-02
1.037387307441672672e-02
6.637987534350048291e-03
1.080695124050101361e-03
3.709251122827737085e-02
2.989588847155950045e-03
1.640963828066086243e-03
7.591093181820924348e-04
5.013421770162428354e-05
5.857667675468076866e-03
4.200336522610374535e-05
9.733310204726906226e-04
2.655056250705267133e-03
3.569343688592393170e-03
1.216809474386930379e-02
7.697025277147971373e-04
1.968495261735454609e-04
1.463761349700215672e-03
8.555452862958516994e-03
1.495316777729092383e-01
1.744820815537373102e-03
2.088329915213780943e-03
1.103895047071411277e-04
7.494628437468249050e-04
6.721733395429903258e-05
1.277808614211847250e-03
4.325402425661309044e-03
9.413651724847057686e-03
4.886108304827190690e-02
1.394625747200468058e-01
3.763994064084870764e-04
6.991294174784311050e-04
1.832233714862867291e-02
9.098731890376693041e-03
2.235740300816300204e-03
1.994695197868626103e-04
5.831423301934894480e-04
7.978614952572081519e-04
1.418955289113021457e-03
1.395280189454262436e-03
1.311865832410032823e-02
2.299579306584879912e-01
8.048503070064391696e-02
1.754747177506367495e-02
5.494467904097074390e-03
1.739033295465308021e-02
6.640630750244833550e-06
3.009753926775785710e-02
5.309421438948738192e-01
3.059186815568752382e-01
2.283703948520395335e-02
1.237273670337092147e-04
6.944290850016972922e-04
4.660481929524717785e-03
6.320596962980226316e-04
1.143760294394738797e-04
2.325815998707081791e-02
5.480916239612012913e-04
2.146791038095272053e-03
4.512555798327720462e-03
7.512064242488974367e-04
4.888737338273078589e-03
1.571934722035534643e-04
1.400420524555321712e-02
5.069610475020310848e-03
9.603476476528676007e-04
1.000238997929294993e-01
4.553531758003892538e-01
1.795062804926179575e-02
1.470069635252055232e-03
6.032460421956103644e-03
8.986566710184431313e-05
8.744151997541617372e-02
6.346522952183881279e-04
2.432362407771380269e-02
1.356918012379149663e-01
2.395091221360476363e-01
1.176979260058460966e-03
1.999646145912395145e-01
1.880796204732566304e-03
2.259802675742840744e-04
4.544284334791627578e-03
1.135461939036845315e-04
9.418017393956513994e-02
1.817282505323794005e-05
1.002013563876144321e-04
1.292732896165969337e-04
2.225086030151178789e-04
7.616165301347669302e-04
1.449502636816359796e-02
6.323834836971206283e-03
2.134463350518207847e-02
5.908751697601187167e-03
2.984293735732627684e-01
1.091410258019889605e-02
1.482259397017713504e-04
2.372048143410521387e-04
4.885504116689866339e-02
7.611735125918222579e-05
4.343016366225100483e-03
5.793764454055268503e-04
2.914087838906102997e-04
2.791044452914292345e-02
2.488595231327596965e-04
3.585979096076159778e-02
4.951493959453594218e-02
4.014965666706717291e-03
5.195902134253171370e-04
2.033443955742337064e-02
3.749268161073838340e-02
4.805131865080789801e-03
2.908551552603939883e-02
6.185781152826524444e-03
4.855769883795391702e-04
1.397818149687214987e-03
3.257320204221524312e-04
1.137331383643227535e-02
1.387871065594975856e-05
3.878529300369818345e-03
9.047603368278203325e-05
7.872862288459247376e-04
3.967860845384693635e-01
1.249922233613658118e-02
2.625506544031936361e-03
1.718426083891839062e-04
1.417137685459116505e-03
8.637014052176383155e-03
1.139526057316312150e-03
3.413192083550371705e-03
9.369733016046901536e-03
1.398185912161161251e-04
1.364574617504646890e-02
2.879976144280185085e-02
9.553487186422794375e-01
5.241725805734288590e-01
8.903414108912919289e-01
8.352906305278003929e-01
8.670587596593075652e-01
6.054063353226733779e-02
3.099858887124346540e-01
3.483575032931192639e-01
9.565262035588795175e-01
3.887445703188559254e-02
6.553794436216092700e-01
5.978153116200497497e-01
4.467137007912535401e-02
9.651079123036466756e-01
8.467531466478285251e-01
2.746907739235127446e-02
8.246499011562782311e-01
6.706006876226214830e-01
7.586958686942100183e-01
6.246434468060446665e-01
3.262604118332293468e-01
9.872486706935295064e-01
8.927556023563983922e-01
9.098492713851402680e-02
7.861800700138337206e-01
6.603975509279453870e-01
4.868908266042101252e-01
6.447006753784900734e-01
8.842614787271410037e-01
4.171609153440453133e-01
2.085380077138859756e-01
7.987254042025795364e-01
1.195892745730497558e-01
9.250322786061470071e-01
9.924912125780355199e-01
1.562656933222346389e-01
9.306248926813865952e-01
1.383160568039139837e-01
7.604597619497089900e-01
2.423930116175774807e-01
5.525788939094533614e-01
4.225461920627200663e-02
3.271509196921215668e-01
7.969227113194858880e-01
9.106368548073513758e-02
5.517361510919041034e-01
6.494360316423135604e-01
6.118821876939446458e-01
9.673809429733328802e-01
9.771849430154695426e-01
7.636933081988587224e-01
3.476456742147165935e-01
1.848397955982223062e-01
9.219005602463729021e-01
4.190552239382359656e-01
7.598695728441154928e-01
2.453377618424944229e-01
2.005846967245577539e-01
9.871547445077046845e-01
5.075985441214704297e-01
8.760956097569755352e-01
8.510914714331223596e-01
9.557722611057836160e-01
1.379684872577055799e-01
2.683963782442558288e-01
2.243395221585734733e-01
3.055079873676688068e-02
1.951493852625645620e-01
5.833746641006174460e-01
3.606114674950120502e-01
1.255554858603599444e-01
3.472243411277513570e-01
6.514882737820835157e-01
1.206208735981457031e-01
1.338657674744551107e-01
9.620717560581250050e-01
4.976542737958583040e-01
9.217617665380495318e-01
6.009788423595384677e-01
9.935295414444285100e-01
2.789363884626775980e-01
7.774028880748080628e-01
6.747726252257584267e-01
7.521200349594137080e-01
3.907500141329457444e-01
5.632131768774260028e-01
1.204770486154730369e-01
5.439121257157255585e-01
3.250975778999936477e-02
5.582455388218130476e-01
2.916716686841795969e-01
4.786433530679324450e-02
9.084709152159464729e-01
2.793144387020577990e-01
3.323158285105430876e-01
6.144499117742378003e-01
4.316010145735507675e-01
5.333498442500936854e-01
9.292906217362034704e-01
6.645641589023155715e-01
